70
24 22 30 49 7 13 13 37 9 28 2 45 40 30 31 7 41 T19 22 26 7 37 45 9 7 7 37 43 42 43 20 47 48 14 6 49 40 19 16 14 4 15 37 39 17 31 33 8 30 42 24 8 27 12 22 40 22 33 35 13 35 8 19 42 28 47 20 41 9 7 
29 28 1 28 14 19 27 42 46 10 22 25 24 20 19 2 15 29 30 32 T4 22 11 37 8 35 10 33 49 31 29 9 43 9 15 11 27 19 29 47 12 11 43 48 20 37 25 23 45 31 24 23 24 11 14 28 23 12 39 25 46 24 10 24 3 42 21 26 16 7 
17 32 21 24 17 48 19 2 20 19 16 31 27 16 1 41 33 25 13 20 8 25 9 11 49 28 10 43 7 29 16 9 21 10 6 47 33 11 10 21 5 34 20 19 45 4 37 4 35 25 29 11 27 23 49 7 42 23 4 42 30 42 46 20 40 24 48 5 21 22 
43 T9 28 14 4 42 3 12 14 35 48 18 3 12 30 43 42 8 41 5 2 24 43 43 12 27 T11 37 28 4 24 33 40 44 22 39 23 41 8 50 40 2 17 37 42 35 38 29 29 17 21 37 47 26 1 11 9 3 14 48 12 5 40 12 26 20 38 27 31 46 
32 37 25 15 33 34 26 48 23 22 40 39 35 1 43 39 39 11 24 7 43 24 40 13 46 14 7 21 20 9 39 33 13 41 13 2 40 20 45 43 22 35 36 21 20 2 37 39 6 8 4 22 44 21 47 29 37 3 27 17 22 28 4 9 37 6 45 45 42 39 
3 14 5 33 28 35 48 42 30 50 16 34 36 11 39 17 29 47 43 20 19 45 20 19 12 10 21 6 37 50 36 3 27 49 41 43 17 31 23 36 23 21 15 24 47 12 38 34 41 49 10 25 30 25 14 12 48 3 48 9 45 17 20 28 28 7 22 20 30 50 
7 34 19 20 16 35 25 43 40 35 28 18 3 13 37 37 43 7 43 38 42 21 2 15 15 26 25 37 32 6 23 47 34 11 42 43 41 36 26 29 46 26 41 46 14 45 37 20 32 49 5 40 13 30 23 29 50 44 19 2 23 14 26 44 29 5 40 35 7 1 
40 33 25 23 41 38 30 13 7 2 35 16 10 18 45 39 16 3 29 30 46 50 48 11 48 39 33 31 22 44 T12 23 38 22 6 32 41 19 49 20 38 12 36 45 15 2 17 21 16 15 45 8 38 7 12 46 17 15 12 5 11 13 40 38 38 16 26 48 10 31 
50 43 40 4 16 7 5 28 43 42 37 43 30 46 23 30 38 21 17 11 7 T5 37 32 22 30 46 46 T24 39 16 18 22 17 10 37 39 4 37 34 16 34 32 36 50 49 22 33 32 3 24 39 39 9 4 36 15 36 35 4 34 10 40 26 46 28 2 16 30 20 
T1 34 5 29 30 30 32 20 30 42 8 3 19 8 10 2 50 48 37 25 25 3 18 27 24 7 50 24 40 40 2 19 16 19 42 9 9 18 34 41 13 27 7 8 19 6 15 18 45 9 44 46 32 32 23 7 22 43 14 23 20 15 27 3 34 6 12 3 20 25 
40 25 23 18 11 46 20 12 7 4 39 12 5 34 46 28 38 13 12 19 31 22 18 13 17 1 42 40 34 34 23 26 26 37 37 7 13 15 10 34 18 28 32 18 1 27 46 14 50 11 19 23 43 13 32 11 35 15 48 17 22 7 20 27 34 30 24 28 26 19 
24 27 35 5 12 T6 28 26 33 24 44 9 7 5 T16 33 33 27 40 41 33 7 4 36 5 38 21 3 8 9 19 42 35 16 19 35 43 2 15 40 16 26 16 27 50 32 27 46 12 12 9 45 49 49 20 20 47 31 30 9 40 47 44 27 33 1 20 30 28 28 
48 19 8 39 40 19 46 38 20 3 2 24 4 6 33 49 28 6 9 14 31 36 12 36 46 44 40 28 29 44 43 33 24 44 26 1 3 31 14 34 5 9 40 31 7 13 21 39 45 28 16 22 33 43 46 25 21 34 41 4 18 10 4 50 10 29 24 45 13 38 
26 21 14 39 39 34 15 38 48 4 27 18 14 13 45 50 36 16 36 16 2 10 25 3 T20 17 8 11 36 7 26 14 9 13 9 44 29 49 19 23 45 35 34 22 39 2 25 12 9 28 16 3 7 17 50 36 27 20 33 10 8 47 19 50 29 13 10 36 29 45 
25 T21 4 43 46 39 49 47 36 46 33 17 10 45 40 44 34 45 47 46 50 28 26 45 17 5 35 10 8 38 38 8 16 44 5 22 32 5 25 37 44 28 43 14 48 19 42 47 18 41 46 15 49 2 3 6 6 21 16 22 28 49 14 22 20 36 18 22 1 16 
2 42 9 19 49 22 4 9 46 19 3 25 39 13 18 6 9 T2 27 6 40 22 14 13 27 25 18 1 17 18 34 11 6 43 25 49 40 16 22 43 26 8 13 6 29 23 45 14 49 23 46 20 2 47 50 37 18 40 13 19 50 9 15 38 29 44 27 48 50 40 
39 1 30 5 35 15 25 32 32 25 35 T29 49 41 5 21 26 11 20 17 44 30 17 30 11 47 20 18 14 2 T0 31 37 32 8 11 1 31 38 4 16 34 23 36 40 2 2 14 48 47 34 6 8 47 23 5 33 39 5 1 32 16 31 49 40 22 20 12 19 30 
16 46 22 29 T8 36 7 25 36 26 45 17 23 1 42 45 24 4 26 36 3 9 T28 11 25 39 27 49 2 38 45 19 17 15 41 7 5 1 23 1 28 34 12 23 13 2 41 35 46 7 19 49 46 33 15 20 25 4 35 40 5 9 17 45 4 44 19 24 13 8 
24 29 27 29 17 30 39 32 32 7 27 15 32 27 9 23 25 40 16 5 24 34 25 24 19 25 20 22 13 28 43 29 47 24 10 35 44 48 7 32 27 39 4 13 7 29 36 31 40 18 22 33 34 15 12 17 47 24 20 17 47 21 25 3 45 28 16 49 49 50 
1 49 15 27 36 31 33 9 46 22 31 29 26 T14 4 45 48 13 19 7 1 1 30 43 6 13 31 44 15 20 31 19 27 15 42 49 15 43 42 9 5 15 40 46 32 27 7 14 9 10 10 3 29 9 41 1 50 41 42 41 9 35 35 24 3 24 20 33 17 12 
8 19 48 23 4 43 7 23 18 32 45 42 23 17 30 9 47 40 32 10 12 16 20 2 12 3 6 22 9 14 3 15 6 44 4 14 32 50 31 6 19 10 25 9 28 44 38 4 23 14 30 11 29 4 28 46 28 47 20 2 36 11 47 21 4 19 21 11 8 19 
23 30 48 3 31 15 3 36 37 43 T3 33 26 14 29 35 21 42 22 33 T15 35 15 32 34 18 15 11 14 7 50 25 24 17 48 12 10 2 39 36 1 30 34 8 39 46 36 13 45 19 28 44 10 42 29 14 42 8 19 32 27 29 41 45 50 41 18 7 42 25 
11 34 34 17 7 13 46 8 11 49 44 49 44 40 47 T10 45 1 T27 43 41 33 14 33 44 38 36 44 30 7 39 1 18 16 24 44 8 37 17 39 50 18 15 2 37 47 41 44 19 27 16 32 21 8 45 4 18 18 17 50 11 30 21 35 10 12 3 23 2 47 
36 39 21 8 36 45 18 31 8 30 16 25 17 50 17 24 3 14 29 17 34 T22 13 31 33 28 35 33 30 7 1 18 5 42 49 25 41 1 31 26 12 20 11 2 8 27 10 45 44 49 22 33 46 31 12 44 17 23 35 46 24 17 49 20 18 45 47 33 1 18 
32 29 2 39 16 45 29 5 25 41 20 44 1 6 31 28 28 34 44 33 37 11 19 10 T7 43 2 13 25 41 20 32 1 26 10 38 31 2 33 3 26 44 44 15 5 1 11 3 35 9 37 4 37 23 47 24 35 50 33 43 20 34 7 31 32 41 38 41 44 14 
5 49 25 7 31 23 40 8 21 40 34 41 44 43 38 44 T13 12 35 47 13 7 28 49 6 34 40 26 30 21 32 27 39 25 4 34 31 13 34 50 18 25 44 34 10 17 34 38 2 19 14 3 35 35 11 14 30 50 19 19 25 41 38 23 50 26 4 10 20 25 
18 19 12 14 5 T18 12 43 35 33 17 29 T23 17 10 21 42 28 23 7 10 33 23 10 22 6 43 23 3 25 8 23 29 23 11 6 16 9 40 27 4 21 15 10 24 16 4 47 10 39 15 33 39 5 25 26 17 36 16 17 33 35 22 9 30 22 16 4 12 32 
9 35 24 21 23 43 1 32 11 16 49 40 23 47 40 2 30 37 29 44 11 38 27 32 10 2 48 32 43 2 T25 45 1 30 7 45 38 42 30 35 18 14 19 44 17 18 46 22 40 26 27 29 49 3 2 4 15 10 50 12 32 21 33 44 45 32 40 1 20 34 
7 50 49 34 36 12 43 8 41 22 31 2 44 27 22 22 5 30 18 16 23 38 41 T17 9 3 3 50 21 47 24 39 42 46 11 33 44 14 35 43 3 29 22 49 50 36 44 12 16 20 44 36 40 19 10 44 43 13 45 19 43 50 48 28 23 31 1 42 18 14 
29 8 15 38 19 46 36 25 48 4 43 11 34 26 42 31 22 38 18 15 50 2 33 45 16 35 13 48 5 18 3 35 15 45 27 26 19 10 6 10 27 10 11 19 4 33 37 26 46 42 48 1 30 42 7 41 37 8 10 37 49 47 33 38 31 25 46 20 11 3 
10 49 47 10 27 36 16 12 19 30 22 21 4 50 T26 8 1 27 1 27 35 9 15 35 4 23 41 13 44 13 16 29 17 42 1 29 49 33 3 4 50 24 25 30 41 8 2 6 48 15 47 10 24 9 20 16 49 35 17 6 9 6 27 24 4 40 39 15 10 26 
44 18 12 14 19 3 34 4 5 8 28 49 23 40 49 8 6 27 16 8 36 18 18 47 7 36 38 6 47 4 19 13 16 29 11 15 37 29 3 31 38 40 8 5 7 37 11 32 5 49 1 48 23 10 47 49 40 47 12 43 28 6 7 28 22 12 1 50 41 37 
8 17 25 17 31 3 14 34 15 19 34 47 29 24 9 1 21 20 29 1 2 33 41 28 48 49 32 40 5 21 44 2 28 5 46 40 39 36 41 11 3 49 2 14 21 29 37 40 9 15 16 7 15 13 50 4 10 29 25 44 3 37 49 40 46 33 12 39 21 27 
33 42 10 43 26 47 36 8 26 28 17 33 10 41 29 22 31 3 6 15 18 2 5 28 45 34 27 28 33 34 48 21 16 33 25 36 17 50 22 49 20 45 3 11 50 49 12 26 31 24 45 36 4 41 27 1 21 7 44 41 3 19 23 50 8 8 23 44 26 42 
33 31 32 14 20 43 35 10 41 47 23 21 37 50 21 47 49 37 31 36 17 18 43 19 24 18 46 4 6 10 19 20 7 20 3 15 1 5 26 31 1 31 28 22 20 44 43 43 8 49 47 4 12 49 39 8 11 31 20 49 3 11 24 3 1 33 8 1 18 26 
12 24 5 31 38 41 14 34 48 5 15 26 26 46 50 13 9 28 23 8 40 37 42 12 41 7 40 26 6 19 21 21 24 6 32 11 29 43 14 7 11 32 21 20 48 33 44 3 42 5 45 27 19 6 8 13 17 20 17 42 24 18 28 4 39 35 10 22 13 9 
9 49 37 44 41 28 45 14 14 49 25 3 21 9 13 50 26 40 30 49 33 24 29 18 38 20 49 18 8 44 41 15 41 18 44 20 27 7 15 34 10 36 32 42 40 32 24 46 42 44 14 5 28 35 6 10 30 22 17 34 40 35 27 43 50 3 12 6 7 48 
5 32 39 18 27 5 24 15 30 19 28 26 6 44 31 15 13 1 38 6 7 37 16 14 50 12 16 25 8 39 7 19 25 7 32 48 41 25 26 11 9 39 45 7 22 6 22 19 37 30 39 23 47 21 49 24 14 4 39 5 7 36 28 3 42 27 35 14 39 40 
12 25 9 48 23 32 36 44 43 24 14 8 17 24 14 37 34 22 15 35 38 6 47 45 23 21 10 31 37 5 13 35 16 45 13 31 24 22 14 35 50 41 30 36 14 15 13 13 41 35 33 2 32 44 36 24 14 49 16 11 30 20 2 20 25 10 28 33 15 35 
32 23 14 11 8 9 26 46 29 5 6 27 46 20 43 35 33 45 34 47 47 38 24 37 18 34 48 25 5 14 12 22 1 33 10 22 37 13 13 38 47 16 28 6 39 13 24 17 21 45 41 20 49 28 21 47 43 29 11 16 27 1 19 40 21 16 9 34 5 6 
23 24 25 5 30 40 24 21 32 44 19 13 47 36 46 33 11 12 7 28 34 6 11 5 50 46 32 24 15 47 27 8 20 28 46 21 17 46 35 32 20 15 41 13 37 19 4 32 36 13 7 28 10 38 32 47 4 5 29 34 26 11 11 16 31 34 11 17 9 23 
21 44 27 34 13 17 19 35 8 19 8 27 12 8 44 41 16 25 23 4 3 47 48 46 40 46 36 40 25 38 33 2 20 45 1 48 9 46 25 8 25 23 43 31 28 27 21 21 18 14 25 7 18 39 43 27 8 5 24 26 26 27 31 45 25 29 18 15 32 13 
5 19 46 24 16 28 31 1 25 28 50 33 27 13 24 49 35 8 5 11 2 41 3 38 11 40 48 6 3 37 14 1 33 31 31 13 27 32 29 44 36 34 27 15 12 5 44 23 23 24 25 7 26 28 7 4 23 27 39 43 30 17 40 24 30 18 21 36 18 10 
34 23 35 8 16 11 20 21 22 2 4 33 21 41 10 7 49 42 1 13 35 22 18 26 6 47 9 1 11 1 44 25 49 46 33 15 18 21 22 16 31 15 7 21 45 48 15 12 11 23 40 10 27 25 2 20 27 5 6 14 22 7 23 22 49 14 20 50 12 11 
9 31 22 33 43 7 32 27 7 4 46 46 39 20 41 16 12 19 47 24 44 21 30 36 34 45 42 19 25 22 18 19 35 31 4 41 30 49 19 24 50 8 27 35 28 25 34 41 42 16 48 34 10 11 16 19 32 40 44 23 24 29 30 6 7 36 21 20 22 29 
46 42 12 50 23 20 38 38 48 39 24 5 48 2 45 7 40 15 50 27 25 12 5 30 23 45 1 10 43 6 42 6 3 25 12 5 34 34 16 12 12 19 37 28 17 45 5 28 23 37 8 10 34 35 21 24 29 1 6 26 6 34 11 47 11 22 34 44 32 24 
44 30 18 16 26 20 8 12 11 25 11 35 29 24 38 44 23 18 49 19 36 2 34 37 1 15 1 23 22 31 36 23 34 47 43 48 26 37 49 47 18 5 9 42 23 38 43 25 38 19 6 8 38 32 14 31 38 6 35 45 30 11 23 7 23 3 37 43 39 21 
42 50 15 35 50 37 34 25 28 4 39 21 2 34 33 24 8 16 47 50 39 49 11 34 21 1 4 41 46 32 29 19 2 6 43 27 28 40 3 46 12 15 22 19 25 36 38 42 50 8 38 49 36 49 15 34 36 14 16 42 39 41 21 49 47 19 22 3 33 12 
15 15 42 50 49 2 15 5 36 15 39 19 8 38 7 22 46 45 39 30 8 37 17 35 3 30 6 26 13 27 7 23 17 21 3 13 21 47 18 28 11 38 28 45 34 33 27 19 11 47 13 35 15 20 13 43 37 47 1 19 47 28 48 49 22 50 37 33 41 9 
34 35 2 48 49 32 26 38 44 21 18 22 30 36 5 44 15 40 28 34 50 29 19 26 14 45 8 47 5 38 12 25 35 13 1 39 6 26 43 17 12 47 37 30 8 7 30 47 49 1 21 36 41 6 7 31 10 38 50 39 14 47 37 11 34 26 24 1 3 46 
4 38 39 5 23 50 21 37 33 5 7 14 1 20 22 20 29 35 15 16 18 31 3 23 34 15 19 20 11 36 33 48 36 21 12 37 7 9 8 24 39 16 9 25 20 20 16 45 42 29 7 42 17 14 24 45 15 27 19 31 46 1 50 19 46 40 21 38 50 25 
39 8 2 1 9 25 31 34 14 13 21 24 19 30 43 8 38 32 37 29 11 47 43 15 29 22 44 7 33 32 40 16 24 30 27 23 16 48 23 18 39 7 21 32 46 39 37 37 25 7 21 19 4 8 30 16 27 50 3 38 36 29 49 1 15 4 50 27 33 43 
27 6 11 11 30 46 32 47 46 28 31 6 13 37 17 21 15 26 25 19 6 33 7 21 5 41 33 9 29 38 36 37 11 4 5 3 4 14 49 33 19 42 41 21 49 2 21 33 17 16 42 19 33 43 9 45 37 40 46 11 46 30 6 39 30 39 8 27 2 44 
3 20 40 27 12 2 42 1 46 17 27 3 42 13 25 43 14 19 29 41 20 46 27 19 26 15 1 30 41 4 13 3 39 38 11 42 21 28 21 33 15 10 41 48 35 30 33 1 7 27 10 50 43 48 15 3 22 31 24 26 48 46 36 27 18 33 44 23 23 50 
30 36 2 8 26 3 38 7 25 47 20 9 2 4 25 44 36 12 29 31 37 28 43 8 14 20 2 39 28 20 6 13 9 22 10 13 43 17 6 46 50 40 34 36 16 33 29 5 43 13 38 44 22 42 37 47 32 24 46 49 15 35 27 8 29 7 32 38 46 47 
8 34 30 9 21 3 7 13 3 31 37 26 7 37 15 32 28 1 6 41 15 40 7 26 34 45 18 49 25 9 13 33 9 11 19 47 19 46 1 47 12 3 48 31 34 35 41 36 20 15 8 2 8 39 50 43 30 39 30 50 6 9 39 28 47 37 46 28 47 8 
11 31 3 18 7 7 17 21 11 44 13 38 34 11 35 26 40 33 37 36 14 2 50 50 40 21 35 23 49 21 34 2 1 32 49 24 21 23 45 49 31 18 30 2 43 27 46 46 5 50 14 10 36 26 20 30 46 20 49 2 38 34 34 21 24 21 40 33 38 32 
1 2 24 35 8 7 18 41 48 13 35 21 37 9 28 44 8 24 39 29 1 1 36 39 45 10 12 22 31 5 21 21 26 14 15 29 4 32 36 32 40 31 32 28 22 19 48 21 32 5 15 34 1 26 4 2 50 8 15 24 9 18 15 25 16 45 10 10 8 34 
15 7 23 40 21 50 33 22 4 16 18 40 22 10 24 1 15 33 26 34 32 29 37 27 29 42 40 45 11 15 4 9 6 20 15 33 42 27 23 15 28 14 43 22 33 38 37 34 43 22 41 2 27 35 47 11 45 16 12 41 45 12 35 40 21 41 28 26 46 30 
49 26 45 16 22 6 39 17 23 37 22 39 42 7 16 8 6 19 37 46 18 17 41 23 30 19 17 33 34 34 42 47 20 47 3 45 47 15 24 6 8 6 49 25 22 31 26 39 36 2 10 17 14 6 24 7 29 44 17 35 24 4 15 31 11 25 36 29 8 42 
50 44 26 19 19 42 1 3 1 46 33 28 34 42 30 42 4 22 25 41 33 31 1 23 27 36 32 43 27 40 41 46 41 25 18 2 26 16 23 3 41 47 28 30 5 20 4 22 42 40 18 4 27 30 41 49 49 33 7 36 32 9 35 22 8 37 9 36 6 36 
3 15 24 3 45 33 28 34 20 32 39 18 42 20 9 43 50 27 1 8 7 15 12 30 28 34 15 47 2 25 40 45 6 37 4 12 36 1 48 38 32 27 43 23 38 31 42 8 11 7 20 22 40 39 27 30 31 17 7 38 33 50 41 46 23 25 34 21 2 5 
29 25 49 29 14 3 35 28 24 27 23 32 40 31 36 35 42 44 33 28 41 26 13 42 18 9 11 36 5 29 11 35 13 25 10 41 42 12 21 27 48 49 5 15 48 42 25 3 24 27 25 44 44 24 29 17 36 32 48 31 34 22 19 8 13 17 18 34 9 14 
11 16 2 20 49 15 46 1 30 42 16 41 20 26 40 49 10 44 14 38 27 1 22 26 12 29 29 2 28 36 46 6 16 12 16 48 19 37 31 6 28 2 40 9 39 14 37 47 47 4 32 12 10 40 8 29 21 6 50 20 17 7 25 16 45 6 31 20 9 8 
20 50 36 43 50 35 49 13 41 43 46 23 31 34 6 45 23 41 30 21 4 10 36 23 43 30 34 41 5 19 11 39 32 6 10 32 19 37 12 29 18 20 31 47 7 17 29 49 47 14 20 25 13 4 30 6 13 20 37 12 49 3 10 24 4 37 7 13 23 26 
45 6 36 41 28 12 11 32 33 49 47 6 43 6 31 32 47 18 12 44 1 16 18 12 6 21 44 5 41 41 10 33 33 37 44 34 21 26 29 50 12 48 1 37 44 6 3 47 3 10 13 40 22 30 12 3 38 10 35 46 48 18 16 21 20 1 10 13 7 39 
20 14 28 12 38 12 13 15 6 35 32 41 8 15 36 43 29 29 19 7 20 41 49 43 6 26 8 30 24 6 37 7 43 30 1 45 50 3 28 39 43 42 28 4 16 31 26 34 27 5 5 41 3 13 30 6 15 23 10 7 32 19 35 7 50 24 19 17 5 38 
13 12 33 5 6 11 4 1 30 40 39 20 34 8 33 40 3 34 18 35 13 28 16 36 48 45 36 19 44 23 12 23 7 10 17 33 10 2 20 31 9 44 26 39 3 48 35 27 43 26 19 16 43 2 20 25 25 47 33 26 22 38 14 50 41 46 39 16 30 20 
9 18 2 16 32 45 17 24 22 35 43 33 30 44 44 42 26 7 23 18 35 19 32 11 5 5 31 12 19 5 7 48 31 50 21 33 37 1 14 24 21 10 35 20 5 40 39 14 15 35 35 30 44 10 7 32 1 6 2 35 25 37 48 7 10 43 30 45 2 46 
8 37 2 49 45 50 24 32 37 46 19 11 3 43 29 12 21 8 27 13 50 17 49 27 18 39 34 3 18 4 47 42 35 22 45 27 33 41 40 28 2 48 14 25 17 40 19 34 44 11 50 21 25 45 33 3 23 8 14 16 28 31 11 5 7 37 40 32 11 18 
