70
42 18 19 46 12 42 47 38 8 16 41 22 48 47 15 40 T28 36 38 41 10 16 42 34 8 T29 34 4 3 21 2 40 44 40 8 14 14 7 4 28 4 35 7 31 32 26 24 45 7 14 29 17 31 31 26 16 22 33 28 39 15 49 35 29 3 48 15 40 44 40 
39 7 42 29 15 15 50 35 13 29 45 1 43 16 49 48 45 24 17 13 1 13 40 9 33 10 23 22 27 18 43 17 15 11 5 26 2 30 48 44 48 12 26 9 30 33 24 45 30 43 48 22 38 50 35 49 45 2 49 37 40 44 41 1 42 49 46 22 19 1 
36 44 34 22 35 36 29 13 23 36 7 38 24 30 24 11 30 23 45 5 44 12 T20 33 46 14 6 47 19 34 T10 36 7 49 45 7 3 41 24 38 48 15 48 20 26 26 47 19 31 16 5 10 16 25 47 28 42 34 2 11 17 32 16 24 20 40 37 50 21 32 
44 12 4 20 46 18 27 43 1 8 25 48 1 27 29 48 23 49 29 24 37 8 8 2 11 46 37 24 25 47 21 3 28 10 27 47 2 18 4 3 49 45 18 38 18 40 30 31 27 16 50 22 39 18 41 41 22 40 12 7 4 47 2 36 16 11 1 44 29 14 
34 2 T21 46 5 50 25 6 32 3 24 46 43 38 28 25 6 9 27 37 38 38 49 24 31 45 34 37 45 48 27 9 9 13 33 50 36 27 13 22 17 43 16 14 34 30 49 6 1 50 48 37 32 14 30 6 26 47 49 49 13 1 11 42 22 49 13 21 3 2 
27 48 7 25 28 16 14 9 18 45 42 40 25 20 35 40 9 8 24 30 11 9 49 29 20 36 49 47 49 40 43 5 12 47 8 7 11 40 14 30 44 50 15 1 13 5 48 36 28 21 13 39 27 40 38 8 49 35 5 11 22 13 26 50 38 1 25 19 6 20 
48 5 13 24 38 19 38 41 6 45 17 10 30 34 14 12 T1 22 35 16 6 49 29 15 50 24 7 25 14 40 20 39 15 41 29 39 17 4 50 2 3 24 47 20 4 22 25 39 46 39 9 18 42 13 48 5 3 15 3 1 30 37 3 7 31 10 2 47 18 15 
16 28 29 T17 23 16 1 2 3 31 31 21 17 23 22 21 14 4 7 50 27 27 12 35 20 46 38 46 18 35 9 7 33 34 24 10 18 23 23 20 23 10 44 29 15 11 26 11 48 35 23 5 48 24 26 44 14 1 11 42 50 33 20 44 38 47 48 43 36 17 
12 37 44 36 43 48 43 12 21 22 18 17 44 24 19 T24 30 20 31 38 16 30 13 T25 31 23 42 49 24 48 42 44 49 45 16 1 44 14 49 29 14 7 50 8 12 33 6 26 14 10 2 21 43 39 50 5 28 12 16 4 47 8 37 36 48 43 24 5 42 1 
21 7 39 45 36 23 40 47 39 47 12 25 20 47 46 7 1 26 8 3 2 50 24 47 1 4 T4 43 28 11 25 34 24 9 10 5 7 44 2 30 14 15 5 41 11 11 23 38 23 37 23 33 24 6 28 32 13 30 3 32 21 27 26 27 14 20 14 4 20 39 
1 18 21 11 21 35 42 28 7 17 44 40 2 42 5 43 28 19 30 22 47 41 50 30 24 3 10 17 37 T13 21 43 27 43 13 39 24 15 21 29 21 19 6 23 34 12 48 41 32 37 32 46 31 38 7 22 27 9 35 5 30 5 50 22 3 43 32 26 4 39 
15 35 44 16 47 46 23 36 37 18 2 36 20 17 10 25 9 17 44 43 17 44 31 28 37 25 41 7 46 2 49 39 44 12 1 48 3 50 34 20 23 24 11 19 45 27 6 4 48 4 1 27 33 30 9 40 33 19 21 17 39 45 21 26 26 21 26 21 25 7 
39 49 49 27 35 15 1 4 46 21 5 13 44 26 24 3 22 24 49 33 8 32 39 1 35 50 13 42 23 29 T0 4 37 22 25 3 5 49 33 5 20 6 19 42 8 30 3 25 41 1 4 3 7 44 33 18 35 35 3 11 11 34 47 18 13 22 44 30 22 37 
22 23 6 2 1 T7 23 34 28 19 9 36 5 1 26 5 29 22 42 49 33 5 48 1 24 24 44 3 24 24 28 44 22 1 9 41 29 3 22 47 29 7 10 40 42 29 34 23 47 18 3 42 13 17 25 38 50 39 49 22 20 32 19 39 15 38 18 29 9 13 
39 35 16 33 16 7 18 23 T19 34 2 3 17 35 T27 24 25 41 7 16 30 8 10 47 19 18 20 17 18 17 39 32 13 39 28 42 37 32 36 23 19 36 2 7 41 36 32 26 33 43 36 4 50 4 25 30 13 14 48 20 27 31 24 49 35 19 10 41 8 28 
46 13 3 32 29 33 39 T3 30 T6 46 3 24 4 49 47 31 20 1 18 31 20 33 44 43 47 49 T14 35 39 45 13 12 32 12 41 22 3 41 19 27 32 35 25 7 9 32 34 7 38 49 36 28 35 14 48 22 26 5 12 19 43 23 28 4 20 50 24 12 48 
24 23 6 40 6 47 5 18 19 39 13 3 33 38 7 37 43 20 35 31 45 41 11 33 38 9 4 45 3 7 40 16 15 47 32 34 40 6 5 49 45 46 13 48 12 49 44 17 29 39 26 14 30 44 16 42 31 10 18 49 38 17 30 48 9 2 42 47 6 27 
18 17 13 27 34 26 44 15 11 22 35 45 24 35 1 16 7 2 47 8 27 45 11 11 34 28 44 T16 48 25 13 26 28 4 24 48 46 13 15 47 16 46 29 47 39 4 46 34 20 17 34 13 13 21 25 33 28 28 25 8 12 11 25 30 49 6 29 5 46 6 
18 26 16 46 49 28 21 13 47 10 17 19 3 24 36 6 29 10 45 39 39 38 12 8 21 38 40 21 34 49 12 47 45 43 4 50 10 11 27 47 48 8 40 35 30 31 32 44 43 26 1 29 15 32 13 24 46 26 2 34 49 18 37 47 11 38 46 27 42 27 
32 31 42 47 10 17 13 18 7 28 40 34 6 38 24 26 38 38 41 20 46 24 41 15 1 32 27 19 27 8 T5 42 6 36 48 50 8 43 5 41 24 26 9 2 35 39 30 6 49 16 50 41 11 5 29 26 11 31 12 26 45 15 7 1 11 8 34 26 36 46 
37 21 37 37 21 41 20 1 16 50 37 8 20 19 19 32 28 28 49 26 38 7 27 19 29 50 11 T2 25 3 24 27 43 3 20 27 43 22 22 40 10 3 30 6 43 3 15 5 3 11 8 46 16 50 15 30 33 48 35 47 19 1 46 9 27 2 26 21 46 44 
40 29 45 49 6 36 49 30 23 2 46 28 19 7 35 47 33 43 9 34 11 12 14 38 6 25 19 33 29 48 45 43 50 5 43 32 5 38 26 10 4 27 38 42 48 43 41 31 16 50 35 3 11 1 8 47 30 26 2 7 23 32 6 50 32 39 43 13 4 26 
35 22 38 38 28 29 30 31 2 44 3 11 22 T15 24 17 46 39 38 18 2 10 27 11 6 17 22 47 7 2 9 45 33 10 36 9 43 35 18 3 47 18 10 22 16 7 31 37 36 8 38 47 49 8 12 31 5 38 2 1 28 1 23 27 25 5 6 4 42 24 
14 50 3 42 17 45 26 42 34 24 11 23 38 35 24 32 27 40 47 27 21 49 46 39 T12 T8 35 31 35 46 20 8 7 6 22 30 15 28 21 38 3 42 20 7 38 13 5 39 14 9 42 23 41 8 30 43 25 47 9 12 18 25 34 41 38 42 4 10 43 4 
35 23 50 5 41 37 28 34 10 36 1 45 34 36 36 24 27 48 30 40 24 34 20 32 24 32 16 11 20 8 12 25 2 50 28 7 16 41 26 22 46 48 10 8 34 28 25 27 23 13 45 35 22 14 28 17 2 12 39 7 11 11 4 42 3 12 6 26 43 31 
9 22 5 16 7 T18 19 50 16 22 39 20 34 9 36 24 6 24 42 30 38 11 20 16 44 29 47 11 11 20 37 21 4 35 14 20 8 38 7 48 5 19 33 4 38 25 43 16 34 20 29 29 14 49 45 37 35 35 10 27 42 24 17 16 13 16 19 5 47 40 
43 43 9 9 6 5 24 7 39 14 18 18 46 28 41 6 14 11 36 15 34 16 44 13 18 25 41 21 47 46 39 16 4 1 10 1 13 33 19 8 7 16 46 24 15 7 2 46 23 39 13 23 49 41 27 15 27 16 47 34 22 30 45 26 41 33 26 8 35 2 
3 46 18 13 44 43 4 33 7 9 1 36 T11 8 40 50 25 14 33 49 9 3 17 19 44 5 42 45 36 43 43 17 3 29 30 23 22 22 15 8 30 5 50 33 23 33 43 10 39 3 17 15 42 35 27 44 6 7 28 3 1 16 3 29 34 47 31 23 11 35 
6 10 43 8 7 25 21 35 14 T26 47 23 35 31 18 19 31 3 35 44 T22 49 21 34 26 40 8 29 17 33 33 31 50 22 12 22 8 37 11 6 30 45 8 3 45 9 12 30 24 30 44 47 37 16 13 45 26 44 19 7 43 33 49 17 6 24 11 15 47 11 
27 46 29 T23 3 41 46 20 43 14 T9 37 46 26 2 17 27 16 20 46 40 3 28 10 42 35 12 8 20 32 36 40 24 42 34 9 19 9 8 39 10 50 49 25 1 46 11 19 23 16 21 35 50 29 23 31 42 22 35 16 30 31 48 41 13 40 47 15 34 29 
12 14 9 25 2 42 10 28 13 21 26 18 25 31 26 26 47 24 30 35 28 26 33 14 12 37 34 4 33 4 31 38 21 24 44 7 16 18 13 26 19 2 42 27 43 13 11 11 39 21 46 50 45 14 45 41 15 46 9 9 30 32 4 46 46 29 38 43 35 12 
13 43 44 32 39 35 41 35 26 3 43 5 19 12 17 30 24 11 18 18 9 14 19 39 2 33 15 13 18 36 23 46 47 38 20 11 30 14 23 31 2 29 15 5 34 34 5 19 25 20 40 11 22 39 2 38 7 25 3 32 6 31 31 14 44 13 45 34 19 49 
50 30 9 21 48 20 20 30 42 26 40 8 46 5 30 11 41 42 41 15 1 30 26 29 50 8 38 28 25 33 4 15 17 6 8 28 34 36 30 16 45 35 49 18 25 32 9 40 15 32 5 22 47 26 50 34 21 31 3 6 18 18 27 4 22 13 46 33 46 36 
28 8 24 14 30 4 14 43 47 20 17 2 20 47 26 10 1 14 34 36 30 35 39 23 17 10 6 13 43 3 2 31 9 30 13 31 13 11 2 32 41 33 36 49 19 13 29 33 14 44 48 17 46 23 46 37 37 5 24 36 34 27 48 35 29 16 33 31 49 25 
6 16 31 23 35 1 50 3 7 25 39 39 2 2 43 38 46 36 22 42 22 45 18 19 34 44 20 13 29 34 26 17 1 10 6 35 32 39 11 46 43 38 34 5 15 46 4 44 44 10 10 33 33 29 7 29 4 18 43 49 13 9 30 33 10 4 35 39 15 4 
10 38 46 28 40 39 36 43 38 29 41 13 9 3 42 29 5 21 30 18 28 24 50 17 5 42 6 46 7 41 28 44 44 14 29 28 4 6 38 39 5 16 13 39 47 30 30 50 1 37 1 43 17 20 14 1 43 30 10 20 15 15 9 14 7 14 44 48 30 49 
20 21 15 50 28 33 42 11 24 6 1 28 27 17 44 14 37 10 44 15 21 39 50 35 28 33 3 10 36 29 42 8 5 28 17 29 43 14 22 41 24 4 46 44 4 9 38 33 6 2 27 4 23 38 7 24 7 46 14 37 15 37 30 31 11 39 43 4 5 42 
49 44 30 50 37 1 6 19 25 18 31 49 48 21 22 50 30 30 18 29 41 49 30 44 1 26 15 25 49 31 45 37 50 6 10 44 40 49 20 22 47 2 12 43 36 43 34 47 50 41 34 48 30 41 9 21 37 25 47 22 8 26 8 9 19 20 11 37 42 12 
46 23 18 4 21 37 34 6 15 35 41 14 48 16 11 44 1 22 2 42 10 49 26 44 18 35 44 23 8 40 24 43 5 3 18 18 47 19 33 28 23 42 39 20 24 45 16 39 23 5 35 9 12 11 35 27 11 44 2 44 4 48 46 46 31 11 25 32 7 3 
40 37 44 30 7 38 3 25 2 8 32 41 5 44 39 20 23 6 7 17 50 20 32 50 22 2 11 40 46 22 37 25 34 17 15 22 25 38 4 28 37 5 47 2 31 9 46 2 25 11 23 4 40 7 18 11 5 49 35 45 10 26 44 50 26 41 41 34 18 49 
20 3 11 3 28 21 33 50 26 1 9 28 5 1 31 34 36 41 25 36 7 49 19 39 25 18 42 4 17 48 35 14 6 40 30 26 9 50 9 37 3 28 35 30 30 14 20 38 4 33 3 48 50 32 47 37 21 42 31 17 5 48 50 31 15 32 39 14 50 10 
5 50 50 24 14 33 8 23 24 18 40 36 7 12 31 1 37 30 4 3 5 19 44 10 46 23 9 33 25 5 33 50 15 36 30 12 2 21 50 16 5 6 14 17 49 23 19 43 18 13 38 50 34 39 28 35 48 31 39 50 12 26 37 13 27 27 16 44 9 27 
15 3 39 34 36 36 8 11 12 37 31 20 31 6 32 36 23 11 36 33 50 40 3 17 9 7 41 24 49 34 39 49 36 6 21 48 18 7 42 4 3 22 40 27 21 22 5 36 23 43 32 30 14 14 12 3 23 35 4 33 5 9 3 2 49 11 11 33 47 37 
47 45 40 43 1 43 11 25 24 13 12 11 29 2 50 34 49 50 28 1 31 20 9 44 6 20 8 19 26 48 5 23 12 25 27 1 36 28 31 4 24 19 22 50 6 21 37 36 43 19 29 8 26 19 26 6 43 29 42 47 5 20 22 37 7 22 18 15 43 15 
10 29 11 19 26 48 17 21 30 38 49 42 29 35 50 24 4 45 28 13 40 43 10 25 46 14 20 40 5 41 19 46 44 7 1 8 38 36 48 48 14 3 30 9 6 35 20 12 13 35 22 46 1 28 31 6 49 22 14 24 5 13 38 21 48 12 20 23 24 28 
40 8 3 10 25 22 30 29 4 2 11 2 2 45 23 1 48 12 16 12 35 19 42 28 42 14 36 8 15 41 36 25 18 23 28 39 14 11 38 14 17 15 21 26 29 23 40 48 18 32 11 35 50 14 40 29 18 19 3 33 21 29 16 48 9 21 19 26 19 19 
21 19 41 19 26 17 31 21 21 50 38 23 23 32 10 41 8 38 9 9 20 1 17 8 31 48 18 41 7 12 42 48 1 8 10 32 46 46 19 32 32 8 11 1 29 28 3 21 12 25 8 22 42 10 3 19 19 17 6 39 11 22 32 1 3 26 14 39 44 22 
34 7 2 37 46 12 32 31 30 30 33 11 44 21 32 39 36 39 10 41 8 23 26 8 19 12 42 48 6 49 14 17 28 39 20 15 3 20 4 47 40 32 36 47 12 44 48 26 3 46 45 29 27 31 35 30 8 21 23 30 10 11 30 24 1 1 23 5 29 20 
9 36 46 20 45 32 17 36 10 41 42 12 7 34 20 35 30 22 37 22 18 23 17 9 42 23 20 28 47 10 19 24 44 7 11 24 30 50 29 22 11 7 40 31 45 11 45 25 16 39 3 41 47 5 21 41 35 19 15 50 40 35 25 40 8 1 47 5 20 4 
17 42 49 9 46 20 46 12 43 2 45 39 21 10 34 49 14 20 43 13 2 48 40 2 13 41 1 50 12 24 38 27 9 25 2 23 10 19 10 18 24 6 12 38 30 23 27 30 25 43 11 15 19 48 7 5 7 16 21 42 9 42 22 2 16 44 17 9 37 38 
44 13 23 20 41 45 50 3 14 42 37 39 41 26 4 49 22 25 21 7 27 3 39 12 21 47 18 22 4 3 37 10 1 26 27 25 13 18 35 37 30 28 37 19 11 30 24 31 32 45 30 45 18 32 7 15 45 20 46 16 1 40 48 16 16 7 21 29 11 4 
49 25 19 35 48 50 10 42 43 29 18 41 17 8 4 25 36 35 7 44 35 45 13 12 32 25 48 7 50 46 48 1 13 50 27 16 8 32 9 36 49 5 30 17 25 37 19 22 37 8 7 20 27 26 38 30 21 25 20 47 38 33 31 11 41 39 9 43 42 5 
1 45 39 32 46 17 22 30 42 33 46 26 45 30 21 17 16 4 30 6 40 4 33 47 46 48 5 18 38 19 38 16 40 30 24 48 41 10 50 50 46 28 25 31 26 34 12 31 3 37 33 40 22 23 45 39 7 7 23 44 36 13 48 17 36 24 30 26 26 12 
14 36 19 20 41 25 2 2 25 46 6 26 20 44 30 19 40 24 30 7 43 14 7 34 24 15 44 49 4 41 21 4 23 11 24 40 48 44 30 37 39 39 20 3 21 37 38 44 49 42 36 47 16 48 34 40 28 29 40 18 3 7 20 42 36 36 24 41 12 3 
42 38 20 30 28 3 43 21 19 46 5 17 21 29 16 42 35 10 50 46 9 1 31 11 21 43 31 40 36 14 50 35 23 2 25 46 37 31 1 48 40 8 37 27 25 4 48 17 10 25 2 13 45 40 3 31 31 50 29 35 16 44 29 35 33 44 8 38 18 25 
48 20 25 21 39 17 14 35 46 9 28 50 37 5 13 3 19 6 19 25 26 28 43 38 34 26 50 35 9 41 21 17 20 12 28 36 20 19 27 7 43 41 36 3 49 9 49 46 18 36 42 2 33 33 34 47 38 43 4 8 30 48 48 40 48 3 41 27 29 11 
41 3 8 18 16 42 3 30 11 1 46 32 35 41 25 31 29 38 36 6 47 26 4 45 45 2 11 30 35 11 32 22 29 25 41 2 17 28 1 3 46 47 39 25 19 9 24 40 5 50 22 34 31 4 26 23 44 17 9 10 43 49 11 14 25 11 6 20 24 50 
5 15 46 27 49 15 30 1 11 34 48 11 8 34 33 17 47 3 35 26 29 49 38 9 17 19 1 13 13 22 14 34 15 15 22 46 11 31 17 46 24 30 48 19 37 47 8 3 27 18 45 4 10 48 27 36 43 7 30 29 14 30 10 36 9 44 7 33 6 47 
6 40 6 1 14 11 6 6 42 50 39 15 33 44 11 18 45 47 36 9 5 9 30 42 25 43 45 42 2 42 50 6 27 11 8 41 9 47 49 7 22 48 26 15 36 27 3 11 28 4 44 23 9 41 41 24 47 43 8 1 49 36 44 39 36 33 41 25 1 9 
34 3 5 31 25 26 26 46 46 31 40 28 44 33 24 44 35 44 44 15 2 19 27 6 2 9 11 38 35 27 22 14 39 19 48 24 37 49 48 35 31 2 31 25 16 20 9 38 20 36 19 36 7 3 14 15 36 9 38 44 12 16 34 10 25 7 22 17 24 16 
21 42 23 38 17 5 19 7 37 1 32 30 15 29 42 34 19 22 16 48 2 10 10 50 15 40 15 46 46 35 26 2 14 29 48 21 50 2 12 36 20 32 33 13 34 3 31 24 4 21 41 27 17 22 19 16 2 30 36 44 35 1 50 48 9 10 37 31 44 39 
17 3 7 3 45 24 5 15 30 44 23 19 11 20 37 11 10 14 18 26 28 17 3 15 18 6 20 10 6 33 16 43 9 48 18 49 50 18 34 21 3 9 20 18 44 29 31 50 44 25 49 22 15 44 22 45 44 49 4 39 23 16 12 21 47 21 36 8 16 12 
31 32 2 46 34 9 32 13 30 28 22 38 29 36 1 14 36 42 28 33 29 12 50 12 46 20 38 7 29 1 47 22 4 24 9 48 38 39 43 26 39 20 42 17 17 34 32 48 38 47 26 31 37 1 40 16 17 35 45 29 50 31 48 8 43 38 34 26 23 5 
25 19 11 15 31 19 26 28 30 45 17 29 21 13 16 13 16 3 31 47 45 45 8 39 46 9 48 4 16 11 50 46 49 20 37 23 42 12 12 39 8 19 37 13 18 27 16 49 18 12 17 1 19 22 9 32 38 49 3 42 49 25 27 23 21 6 24 19 33 10 
34 16 17 36 43 23 5 41 27 38 19 29 30 8 18 43 16 30 20 28 32 16 4 25 10 1 43 10 8 27 7 1 16 1 41 16 8 17 20 25 9 31 46 19 40 27 40 38 45 26 11 13 2 30 16 38 41 6 38 9 9 5 6 7 14 31 24 13 17 7 
47 45 28 39 13 9 9 39 16 3 16 33 1 49 19 7 20 33 14 29 8 8 15 31 12 41 45 24 39 13 35 33 20 27 50 44 50 13 24 15 44 5 15 38 18 7 8 33 23 23 5 33 22 36 31 16 32 43 33 50 34 30 49 42 41 47 17 40 34 42 
30 9 11 49 9 19 48 37 11 19 8 9 1 26 36 44 22 17 22 2 31 17 49 36 6 31 19 16 42 44 5 34 46 50 14 25 4 45 41 14 3 7 17 10 33 7 34 17 4 46 7 50 28 19 25 3 17 42 39 6 18 49 36 34 40 10 35 6 47 4 
7 4 7 39 35 1 7 14 34 40 26 30 19 50 18 39 48 26 7 46 36 4 46 49 26 9 1 31 29 5 43 13 25 17 8 12 40 27 30 41 17 11 5 4 7 11 28 4 37 26 22 21 40 48 19 33 32 36 23 47 38 38 37 1 12 5 36 19 45 13 
49 35 15 41 9 28 4 12 14 41 26 40 17 34 11 44 40 16 24 18 10 45 36 29 37 43 18 5 32 26 13 11 22 12 25 37 31 8 16 40 46 5 16 16 39 26 30 5 10 10 18 7 10 48 1 43 10 41 2 49 21 6 24 34 40 43 6 14 42 22 
5 28 14 4 5 39 22 7 16 27 42 29 31 29 43 17 10 10 36 16 35 25 6 49 4 37 11 2 44 7 37 44 4 47 11 15 13 29 34 9 21 27 25 36 8 15 15 46 10 34 4 48 40 14 32 6 11 38 19 18 8 35 19 42 21 40 46 45 9 44 
