50
40 32 T17 16 25 8 48 28 8 44 14 T10 9 23 15 44 44 16 11 29 33 40 11 11 48 47 42 31 7 40 7 9 39 7 9 29 22 22 31 40 47 17 47 6 37 39 10 24 34 39 
36 15 36 47 32 44 11 5 34 43 46 24 30 43 35 12 48 21 20 24 16 43 40 25 25 14 9 47 37 37 7 38 25 26 36 5 48 32 35 7 26 31 3 4 4 44 1 21 9 21 
24 T7 18 21 24 36 38 48 31 25 26 46 40 46 44 50 27 16 4 4 14 11 17 40 44 45 48 39 48 20 27 6 29 8 23 38 40 46 4 21 35 32 1 20 48 47 40 13 7 4 
43 16 48 16 9 40 41 3 42 2 21 35 31 32 16 37 30 38 50 35 12 10 7 42 33 14 26 33 39 43 35 31 7 21 40 11 30 14 41 28 15 18 33 31 19 18 35 36 34 21 
17 2 9 T19 50 9 47 12 49 T6 33 7 30 29 26 30 34 45 41 30 23 33 32 28 47 48 31 9 49 12 10 24 17 22 40 19 8 42 7 26 17 42 2 13 43 2 35 15 49 4 
40 49 23 25 T16 46 3 14 31 42 46 28 44 15 31 40 43 22 19 T12 42 37 43 33 15 18 45 47 13 31 14 21 38 41 5 23 24 23 12 40 30 5 50 36 8 24 43 41 26 17 
47 32 T9 47 47 T5 49 49 26 48 8 14 31 8 5 17 38 15 17 46 40 22 39 35 4 19 42 37 3 3 8 48 46 3 49 39 37 40 20 18 18 40 30 48 36 47 21 3 15 29 
T4 41 10 15 7 26 21 46 35 48 34 15 T3 22 22 28 38 15 7 26 33 44 49 25 34 47 3 35 27 25 46 40 34 2 41 11 17 14 36 11 26 11 23 30 22 41 14 26 24 33 
48 10 19 34 11 42 29 50 42 10 45 37 19 27 19 14 36 5 33 35 40 24 6 7 6 39 40 42 2 1 22 43 7 1 39 46 31 28 42 17 36 43 19 22 41 28 6 15 8 8 
47 13 23 43 26 12 20 34 39 8 21 13 T13 11 14 9 30 43 49 34 34 3 41 37 11 12 36 2 42 33 34 50 11 6 31 26 21 3 14 9 4 41 40 46 10 10 22 24 4 21 
26 9 14 50 40 12 34 T0 36 21 16 32 44 46 19 47 39 46 31 40 31 6 24 5 48 22 3 35 19 20 43 47 9 40 28 1 15 35 18 17 30 26 5 37 2 7 33 15 16 13 
38 26 45 22 14 23 46 5 16 44 28 35 46 20 11 23 4 18 22 6 32 10 46 35 38 20 15 22 29 44 37 34 38 36 31 20 33 50 5 27 21 36 49 15 2 36 44 25 17 20 
45 34 44 18 33 1 26 46 29 47 4 50 34 49 45 39 30 43 6 18 10 12 33 23 8 21 28 8 34 44 1 40 30 23 7 18 23 16 44 9 44 24 10 39 27 17 36 38 10 14 
31 48 29 21 37 2 42 33 21 30 38 24 46 42 37 42 21 8 36 22 27 41 11 22 46 32 22 1 32 47 35 3 26 23 17 48 9 24 35 29 44 48 22 13 9 43 44 27 48 5 
35 13 20 T18 18 2 14 33 26 8 18 42 47 32 44 50 11 41 32 34 19 49 22 45 38 18 46 28 42 44 34 4 49 33 44 28 30 48 18 20 50 14 2 24 14 16 2 36 3 24 
37 T14 50 36 10 23 22 10 50 12 T2 43 43 12 48 13 44 21 38 1 44 46 19 23 35 31 40 42 34 40 41 30 6 7 38 42 47 10 43 14 36 34 32 43 4 20 29 19 11 38 
35 8 T1 15 11 14 46 29 10 45 48 7 9 29 4 23 23 3 46 24 8 33 35 41 28 36 2 18 46 40 18 44 19 6 26 14 24 13 11 3 17 4 11 50 41 40 50 47 19 47 
47 T15 37 11 29 44 4 49 44 33 38 4 40 43 11 11 42 22 21 14 8 42 20 6 28 49 39 25 29 42 29 12 28 26 35 9 11 26 22 9 19 14 9 15 46 8 2 17 38 9 
3 27 32 44 49 31 44 7 9 3 T8 41 10 25 43 18 22 14 T11 2 11 13 48 41 23 43 27 15 23 2 20 15 50 46 48 31 34 18 50 30 14 16 42 31 39 30 4 31 3 42 
43 25 49 31 26 32 23 25 31 48 26 23 33 45 32 34 31 1 6 42 35 17 8 37 45 36 28 5 1 41 2 17 32 38 42 22 9 24 12 38 11 41 41 3 26 17 26 41 17 36 
36 46 39 37 34 26 44 46 10 3 13 4 6 4 32 38 26 41 33 38 8 28 33 26 4 38 34 14 50 30 5 17 41 28 10 21 46 9 2 6 5 44 16 38 33 49 3 49 25 1 
36 24 9 5 9 6 30 38 41 24 16 33 10 8 29 3 46 45 33 47 9 20 40 19 18 31 26 17 3 23 44 36 29 28 1 41 31 29 5 4 42 46 8 20 5 17 36 14 29 50 
38 21 17 3 28 48 10 27 25 12 4 29 4 5 3 24 49 18 44 31 9 38 25 29 42 40 45 44 3 14 26 25 10 40 5 49 22 2 48 26 47 12 13 32 24 24 18 13 5 28 
44 6 2 30 49 41 29 16 50 10 28 19 9 4 25 32 9 16 38 39 47 32 47 29 34 4 3 43 24 7 6 17 43 43 4 24 16 44 9 42 40 50 9 13 45 48 19 11 42 5 
39 13 1 19 45 9 26 22 6 1 35 21 47 6 9 12 4 35 40 1 45 41 39 29 25 27 46 18 24 5 32 35 40 33 40 45 43 4 5 21 39 37 37 8 19 18 42 9 3 12 
7 45 42 47 11 33 14 30 27 13 46 3 19 46 29 47 16 46 46 30 15 50 49 44 30 4 45 35 27 13 28 36 48 48 2 35 47 25 25 11 17 25 30 46 17 24 27 40 3 6 
35 24 42 36 8 6 14 32 47 45 41 14 1 19 21 39 45 35 15 20 11 9 12 2 22 45 49 18 12 4 27 7 29 22 27 16 41 2 41 10 20 35 44 11 34 19 43 20 28 3 
22 40 5 7 48 16 15 14 16 30 20 3 17 44 12 15 21 48 21 7 36 33 28 15 35 7 35 35 39 28 12 1 33 32 28 22 14 3 23 18 38 7 39 33 10 27 9 14 5 34 
43 7 15 9 45 36 44 14 11 49 6 19 49 48 6 14 12 11 50 17 49 7 9 45 20 20 44 45 41 15 34 23 39 2 25 42 41 40 13 32 25 39 45 34 40 2 4 1 50 28 
11 16 8 16 35 29 19 17 26 11 28 10 6 20 48 16 23 41 4 47 19 36 17 2 6 20 21 46 9 4 6 30 5 49 41 30 47 13 8 17 27 30 30 5 45 34 14 16 23 27 
46 27 2 22 26 30 23 48 21 11 43 30 15 47 44 23 43 40 23 6 37 12 2 31 14 13 30 22 31 44 38 4 12 50 20 28 44 46 14 15 13 20 25 41 36 22 2 38 43 36 
32 30 47 42 40 15 17 33 8 33 9 14 40 27 31 8 1 44 38 38 11 5 43 39 22 43 18 44 19 16 48 11 33 19 48 8 18 39 7 27 33 47 15 35 40 48 41 47 37 26 
23 12 49 24 26 42 28 44 21 35 13 22 31 7 4 13 10 7 8 26 50 18 31 34 35 13 46 31 7 28 45 14 12 36 18 1 33 47 39 4 5 18 47 2 2 16 32 22 32 44 
33 28 26 22 3 42 14 21 30 14 24 27 5 20 45 49 42 10 37 5 15 13 49 33 17 32 4 28 30 19 11 3 19 12 42 26 12 25 29 2 48 19 4 13 46 6 7 7 35 30 
24 27 12 44 40 40 11 34 5 23 35 27 44 2 30 26 16 26 14 17 29 32 10 44 32 12 35 15 32 21 50 9 24 20 37 7 43 4 16 3 15 15 24 17 26 50 35 15 16 41 
5 16 18 22 33 12 32 17 28 31 7 10 44 48 26 19 1 36 6 4 22 45 3 32 40 11 38 19 11 49 38 41 48 24 26 30 46 35 23 43 26 44 41 31 50 47 16 35 14 32 
29 48 18 28 15 32 12 32 27 3 9 35 19 41 34 9 36 36 41 1 24 47 35 4 1 28 20 49 47 45 17 36 9 3 8 39 23 2 15 2 28 47 3 9 16 39 43 7 37 45 
49 12 13 34 24 42 10 1 20 40 9 20 13 5 30 35 39 11 10 11 47 35 35 46 32 38 12 7 30 19 8 32 24 28 5 39 20 4 30 35 28 37 38 46 48 47 15 11 2 46 
38 33 17 3 6 12 45 44 39 2 46 24 22 28 41 40 36 20 34 1 25 7 8 14 48 16 33 42 40 48 38 10 50 31 13 28 26 33 35 27 23 3 9 23 5 34 50 15 37 29 
9 43 29 34 7 26 42 50 50 10 32 24 37 11 36 14 21 25 28 24 13 9 32 48 42 2 46 16 9 24 20 15 28 1 5 10 17 3 19 31 15 30 40 8 41 16 50 30 43 32 
38 41 39 36 13 24 8 44 30 27 7 16 4 6 25 29 7 16 49 27 32 32 31 40 24 32 4 5 50 36 33 39 1 27 44 35 50 7 27 9 9 28 32 7 7 37 34 43 37 4 
23 27 31 11 29 33 9 24 2 36 30 29 45 14 13 5 12 27 21 10 14 29 8 3 17 37 43 25 17 21 3 14 1 2 4 21 41 35 23 9 8 5 36 3 17 50 4 19 27 28 
31 3 47 22 43 28 42 46 22 38 8 31 45 25 21 36 7 23 19 29 2 37 31 43 23 33 39 50 5 42 5 41 18 21 33 20 7 27 21 30 19 42 37 3 31 24 18 1 8 26 
27 33 47 2 25 10 20 30 45 31 22 17 9 36 36 41 30 21 50 32 7 25 32 37 37 30 1 34 7 24 33 15 42 9 13 48 42 50 14 18 33 34 37 39 12 14 46 17 14 23 
25 9 16 21 22 45 27 49 1 21 19 24 45 40 44 35 41 23 9 50 18 8 2 35 23 45 27 1 1 14 31 3 10 44 9 35 44 3 44 22 12 32 12 13 20 26 28 3 38 14 
34 15 24 11 42 17 30 12 26 2 16 7 24 1 14 28 42 11 14 15 1 10 38 43 34 45 27 19 50 29 32 33 34 17 24 3 8 4 2 12 36 15 37 16 6 29 22 7 38 14 
40 40 26 48 40 45 6 49 33 37 29 40 20 42 25 19 50 7 2 45 23 37 38 29 12 23 6 39 35 46 1 22 26 50 18 40 13 44 28 15 9 12 41 15 11 7 21 15 29 28 
44 7 29 36 2 3 44 33 3 10 18 38 32 10 11 6 38 27 38 37 42 3 17 24 45 26 32 24 16 11 47 21 4 1 42 11 33 5 48 49 36 35 38 2 33 21 50 24 25 37 
8 13 2 3 28 46 49 49 2 40 31 35 26 43 29 41 20 21 2 22 20 24 7 13 31 15 21 12 4 30 42 4 4 6 2 16 5 7 43 26 50 16 34 31 11 27 44 16 32 49 
17 40 41 25 20 8 3 13 31 33 22 41 26 14 8 47 43 29 35 29 27 41 25 14 18 11 10 24 14 49 3 38 33 14 2 36 22 50 35 1 49 45 15 31 19 10 48 46 6 18 
