15
48 T4 T5 38 17 35 20 39 6 32 14 48 3 30 10 
43 19 12 T0 33 7 28 8 3 32 41 45 6 3 37 
10 48 20 42 2 29 43 35 42 29 39 14 37 14 5 
47 42 13 46 22 28 39 36 31 7 11 40 33 15 17 
14 3 18 29 12 46 18 5 11 45 47 45 45 11 12 
11 5 29 T2 9 26 14 17 10 10 27 21 3 25 19 
36 34 30 49 T3 41 T1 13 45 9 30 26 37 10 44 
5 44 3 23 13 13 21 19 3 40 12 38 48 30 11 
48 23 35 29 10 12 6 47 15 45 20 32 27 14 34 
44 25 21 10 28 29 22 1 10 27 15 40 39 35 23 
18 49 27 26 18 26 7 4 28 45 14 46 13 16 34 
8 24 27 7 36 7 18 34 15 49 50 37 40 1 48 
6 16 33 49 15 20 42 23 11 15 7 38 20 5 30 
40 28 27 48 50 20 37 33 38 20 44 48 31 13 38 
23 29 6 25 35 38 47 39 1 35 14 25 29 50 8 
